Calls: 10000
Result: 1.3846420 ± 0.0024806
Exact: 1.3932040
Error: 0.0085620 = 3.4516305 sigma
Calls: 2000
Result: 1.3869481 ± 0.0074902
Exact: 1.3932040
Error: 0.0062558 = 0.8351992 sigma
